=== Influence diagnostics: assink2016 — naive ===

    rstudent  dffits cook.d  cov.r tau2.del   QE.del    hat weight    dfbs 
1     0.5068  0.0460 0.0021 1.0178   0.3893 804.3533 0.0099 0.9878  0.0460 
2    -0.2052 -0.0286 0.0008 1.0230   0.3912 808.9884 0.0107 1.0671 -0.0286 
3    -0.4487 -0.0523 0.0028 1.0210   0.3904 809.4483 0.0105 1.0467 -0.0523 
4    -0.5558 -0.0646 0.0042 1.0209   0.3901 809.1567 0.0111 1.1085 -0.0646 
5    -0.7908 -0.0863 0.0075 1.0168   0.3884 807.7079 0.0108 1.0842 -0.0863 
6    -0.8941 -0.0900 0.0081 1.0132   0.3874 808.1268 0.0096 0.9574 -0.0900 
7    -0.0822 -0.0167 0.0003 1.0249   0.3917 805.2102 0.0114 1.1431 -0.0168 
8    -0.1429 -0.0234 0.0006 1.0251   0.3917 805.0185 0.0115 1.1545 -0.0234 
9    -0.3335 -0.0435 0.0019 1.0242   0.3914 808.8552 0.0116 1.1577 -0.0435 
10    2.0544  0.1779 0.0312 0.9814   0.3749 797.5229 0.0063 0.6323  0.1787 
11    1.9606  0.1722 0.0292 0.9836   0.3757 797.8976 0.0066 0.6553  0.1730 
12    1.5121  0.1331 0.0176 0.9951   0.3806 801.2780 0.0069 0.6929  0.1334 
13    1.0788  0.0808 0.0065 1.0033   0.3849 805.9832 0.0054 0.5413  0.0808 
14    1.3130  0.1309 0.0170 0.9999   0.3818 797.2467 0.0090 0.9038  0.1310 
15    1.2428  0.1167 0.0135 1.0016   0.3829 801.1373 0.0082 0.8163  0.1167 
16    0.9773  0.0905 0.0082 1.0077   0.3855 803.1439 0.0084 0.8417  0.0905 
17    0.5606  0.0427 0.0018 1.0111   0.3879 807.7191 0.0065 0.6498  0.0426 
18    0.5173  0.0440 0.0019 1.0151   0.3887 806.6314 0.0085 0.8497  0.0440 
19    0.0813  0.0019 0.0000 1.0163   0.3897 808.9403 0.0076 0.7574  0.0019 
20   -0.9429 -0.1004 0.0101 1.0138   0.3871 805.9990 0.0108 1.0842 -0.1004 
21    1.3744  0.1348 0.0180 0.9981   0.3812 798.0394 0.0087 0.8664  0.1349 
22    0.2857  0.0230 0.0005 1.0214   0.3906 805.0261 0.0105 1.0477  0.0230 
23   -0.2522 -0.0331 0.0011 1.0225   0.3911 809.2135 0.0105 1.0545 -0.0331 
24   -0.4158 -0.0366 0.0013 1.0126   0.3887 809.4399 0.0061 0.6145 -0.0366 
25   -1.2684 -0.1233 0.0151 1.0049   0.3836 804.9270 0.0098 0.9839 -0.1234 
26   -1.6818 -0.1642 0.0264 0.9910   0.3770 788.9670 0.0109 1.0886 -0.1641 
27    1.7211  0.1872 0.0342 0.9856   0.3751 781.8902 0.0099 0.9901  0.1873 
28    0.3467  0.0287 0.0008 1.0193   0.3900 806.2913 0.0097 0.9719  0.0287 
29    0.2255  0.0155 0.0002 1.0180   0.3899 808.1072 0.0086 0.8648  0.0155 
30    0.1348  0.0068 0.0000 1.0202   0.3905 808.0513 0.0095 0.9460  0.0068 
31   -0.0091 -0.0069 0.0000 1.0190   0.3903 808.9452 0.0087 0.8713 -0.0069 
32   -0.3134 -0.0377 0.0014 1.0207   0.3906 809.4174 0.0098 0.9829 -0.0377 
33   -0.3043 -0.0396 0.0016 1.0236   0.3913 809.1615 0.0112 1.1195 -0.0397 
34   -0.7096 -0.0786 0.0062 1.0183   0.3891 808.3873 0.0108 1.0842 -0.0786 
35   -0.5998 -0.0680 0.0047 1.0198   0.3898 809.0568 0.0108 1.0803 -0.0680 
36   -0.1687 -0.0253 0.0006 1.0238   0.3914 808.5073 0.0110 1.0981 -0.0253 
37   -0.3888 -0.0483 0.0024 1.0230   0.3910 809.4312 0.0112 1.1234 -0.0484 
38   -0.7444 -0.0820 0.0068 1.0177   0.3888 808.1063 0.0108 1.0850 -0.0820 
39   -0.8114 -0.0853 0.0073 1.0155   0.3881 808.2603 0.0102 1.0161 -0.0853 
40   -0.9272 -0.1015 0.0103 1.0148   0.3873 801.6321 0.0114 1.1397 -0.1015 
41    2.5997  0.2837 0.0763 0.9497   0.3598 774.6076 0.0089 0.8934  0.2848 
42    2.5997  0.2837 0.0763 0.9497   0.3598 774.6076 0.0089 0.8934  0.2848 
43    2.2504  0.2124 0.0440 0.9722   0.3704 792.5066 0.0072 0.7239  0.2135 
44    2.2718  0.2544 0.0618 0.9622   0.3649 771.6629 0.0097 0.9659  0.2547 
45    2.1733  0.2436 0.0569 0.9664   0.3667 771.8370 0.0098 0.9793  0.2438 
46    1.8213  0.2000 0.0389 0.9816   0.3733 779.1188 0.0099 0.9914  0.2001 
47    1.3917  0.1473 0.0214 0.9974   0.3803 788.8860 0.0100 0.9962  0.1474 
48    1.3690  0.1496 0.0221 0.9981   0.3803 777.6907 0.0106 1.0612  0.1496 
49    1.0883  0.1119 0.0125 1.0064   0.3842 794.4192 0.0100 1.0046  0.1119 
50    1.0178  0.1006 0.0101 1.0078   0.3851 799.3538 0.0095 0.9476  0.1006 
51    1.0492  0.1108 0.0122 1.0080   0.3846 786.3291 0.0107 1.0686  0.1108 
52    0.9473  0.0986 0.0097 1.0107   0.3858 789.1451 0.0107 1.0699  0.0986 
53    0.7895  0.0800 0.0064 1.0143   0.3874 793.6813 0.0107 1.0689  0.0800 
54    0.7739  0.0782 0.0061 1.0146   0.3875 793.6625 0.0107 1.0717  0.0782 
55    0.6409  0.0556 0.0031 1.0131   0.3880 806.0932 0.0082 0.8244  0.0556 
56    0.6719  0.0650 0.0042 1.0158   0.3883 800.6458 0.0102 1.0220  0.0650 
57    0.6854  0.0679 0.0046 1.0164   0.3883 796.1046 0.0107 1.0702  0.0680 
58    0.4547  0.0398 0.0016 1.0178   0.3895 805.6352 0.0096 0.9560  0.0398 
59    0.4043  0.0326 0.0011 1.0160   0.3892 807.4248 0.0083 0.8335  0.0325 
60    0.4468  0.0410 0.0017 1.0203   0.3900 800.4322 0.0108 1.0793  0.0411 
61    0.2100  0.0150 0.0002 1.0226   0.3910 804.7348 0.0108 1.0785  0.0150 
62    0.2020  0.0141 0.0002 1.0226   0.3910 804.8548 0.0108 1.0785  0.0141 
63   -0.4226 -0.0528 0.0028 1.0235   0.3910 809.4496 0.0116 1.1648 -0.0529 
64   -0.4229 -0.0528 0.0028 1.0235   0.3910 809.4505 0.0116 1.1645 -0.0529 
65   -0.4234 -0.0529 0.0028 1.0235   0.3910 809.4512 0.0116 1.1648 -0.0529 
66   -0.4360 -0.0542 0.0030 1.0234   0.3910 809.4604 0.0116 1.1645 -0.0542 
67   -0.5549 -0.0662 0.0044 1.0220   0.3904 807.9848 0.0116 1.1648 -0.0663 
68   -0.2783 -0.0373 0.0014 1.0241   0.3914 808.8009 0.0114 1.1366 -0.0373 
69   -0.5469 -0.0646 0.0042 1.0216   0.3903 809.0450 0.0114 1.1368 -0.0646 
70   -0.1690 -0.0260 0.0007 1.0248   0.3917 806.6983 0.0115 1.1475 -0.0261 
71   -0.5894 -0.0695 0.0049 1.0214   0.3901 807.7707 0.0116 1.1595 -0.0696 
72   -0.8683 -0.0972 0.0095 1.0165   0.3879 777.7970 0.0117 1.1696 -0.0972 
73   -1.0000 -0.1096 0.0120 1.0133   0.3865 768.3326 0.0117 1.1675 -0.1096 
74   -1.0048 -0.1006 0.0101 1.0112   0.3864 807.3069 0.0098 0.9774 -0.1006 
75   -1.3634 -0.1400 0.0194 1.0024   0.3819 789.9605 0.0113 1.1250 -0.1400 
76    0.2038  0.0133 0.0002 1.0176   0.3899 808.3102 0.0084 0.8419  0.0133 
77   -0.2090 -0.0231 0.0005 1.0158   0.3896 809.4127 0.0073 0.7335 -0.0230 
78   -1.8044 -0.1521 0.0228 0.9898   0.3777 802.7757 0.0082 0.8210 -0.1524 
79    0.2203  0.0155 0.0002 1.0199   0.3904 807.4998 0.0095 0.9518  0.0155 
80    0.2082  0.0143 0.0002 1.0201   0.3904 807.4975 0.0096 0.9596  0.0143 
81    0.1296  0.0063 0.0000 1.0232   0.3912 805.6212 0.0108 1.0845  0.0063 
82    0.1154  0.0049 0.0000 1.0206   0.3907 808.0340 0.0096 0.9624  0.0049 
83    0.0973  0.0029 0.0000 1.0229   0.3912 806.6503 0.0107 1.0666  0.0029 
84    0.0895  0.0022 0.0000 1.0216   0.3909 807.8438 0.0100 1.0008  0.0022 
85    0.0544 -0.0009 0.0000 1.0191   0.3903 808.7142 0.0088 0.8828 -0.0009 
86    0.0197 -0.0054 0.0000 1.0235   0.3914 807.0226 0.0108 1.0839 -0.0054 
87   -0.0701 -0.0144 0.0002 1.0226   0.3912 808.4831 0.0104 1.0381 -0.0144 
88   -1.4623 -0.1449 0.0207 0.9991   0.3807 797.8029 0.0107 1.0691 -0.1449 
89   -1.4810 -0.1421 0.0200 0.9986   0.3808 801.7257 0.0100 1.0044 -0.1421 
90   -1.4591 -0.1382 0.0189 0.9994   0.3813 803.0857 0.0097 0.9732 -0.1382 
91   -1.5486 -0.1474 0.0214 0.9964   0.3798 800.7775 0.0100 1.0037 -0.1475 
92   -1.5763 -0.1448 0.0207 0.9959   0.3799 802.7117 0.0094 0.9372 -0.1449 
93   -1.7749 -0.1711 0.0286 0.9873   0.3754 787.5574 0.0108 1.0819 -0.1710 
94   -2.0628 -0.1910 0.0352 0.9753   0.3703 784.0427 0.0106 1.0574 -0.1909 
95   -0.3365 -0.0421 0.0018 1.0226   0.3910 809.3792 0.0108 1.0819 -0.0421 
96   -0.6972 -0.0792 0.0063 1.0192   0.3893 807.5932 0.0113 1.1309 -0.0792 
97   -0.7521 -0.0850 0.0073 1.0185   0.3889 805.5643 0.0115 1.1454 -0.0851 
98   -0.8798 -0.0960 0.0093 1.0155   0.3877 805.4114 0.0112 1.1170 -0.0960 
99   -0.9290 -0.1017 0.0104 1.0148   0.3873 801.3314 0.0114 1.1408 -0.1017 
100  -1.0049 -0.1091 0.0119 1.0130   0.3865 796.3074 0.0115 1.1475 -0.1091 
    inf 
1       
2       
3       
4       
5       
6       
7       
8       
9       
10      
11      
12      
13      
14      
15      
16      
17      
18      
19      
20      
21      
22      
23      
24      
25      
26      
27      
28      
29      
30      
31      
32      
33      
34      
35      
36      
37      
38      
39      
40      
41      
42      
43      
44      
45      
46      
47      
48      
49      
50      
51      
52      
53      
54      
55      
56      
57      
58      
59      
60      
61      
62      
63      
64      
65      
66      
67      
68      
69      
70      
71      
72      
73      
74      
75      
76      
77      
78      
79      
80      
81      
82      
83      
84      
85      
86      
87      
88      
89      
90      
91      
92      
93      
94      
95      
96      
97      
98      
99      
100     


=== Leave-one-out ===

    estimate     se   zval   pval  ci.lb  ci.ub        Q     Qp   tau2 
-1    0.5599 0.0680 8.2351 0.0000 0.4267 0.6932 804.3533 0.0000 0.3893 
-2    0.5650 0.0682 8.2881 0.0000 0.4314 0.6986 808.9884 0.0000 0.3912 
-3    0.5666 0.0681 8.3199 0.0000 0.4331 0.7001 809.4483 0.0000 0.3904 
-4    0.5674 0.0681 8.3322 0.0000 0.4339 0.7009 809.1567 0.0000 0.3901 
-5    0.5689 0.0680 8.3704 0.0000 0.4357 0.7021 807.7079 0.0000 0.3884 
-6    0.5691 0.0678 8.3892 0.0000 0.4362 0.7021 808.1268 0.0000 0.3874 
-7    0.5642 0.0682 8.2686 0.0000 0.4304 0.6979 805.2102 0.0000 0.3917 
-8    0.5646 0.0682 8.2746 0.0000 0.4309 0.6984 805.0185 0.0000 0.3917 
-9    0.5660 0.0682 8.2981 0.0000 0.4323 0.6997 808.8552 0.0000 0.3914 
-10   0.5511 0.0668 8.2546 0.0000 0.4203 0.6820 797.5229 0.0000 0.3749 
-11   0.5515 0.0668 8.2511 0.0000 0.4205 0.6825 797.8976 0.0000 0.3757 
-12   0.5541 0.0672 8.2416 0.0000 0.4223 0.6859 801.2780 0.0000 0.3806 
-13   0.5576 0.0675 8.2595 0.0000 0.4253 0.6899 805.9832 0.0000 0.3849 
-14   0.5542 0.0674 8.2242 0.0000 0.4222 0.6863 797.2467 0.0000 0.3818 
-15   0.5552 0.0674 8.2313 0.0000 0.4230 0.6874 801.1373 0.0000 0.3829 
-16   0.5569 0.0677 8.2321 0.0000 0.4243 0.6895 803.1439 0.0000 0.3855 
-17   0.5602 0.0678 8.2656 0.0000 0.4273 0.6930 807.7191 0.0000 0.3879 
-18   0.5601 0.0679 8.2478 0.0000 0.4270 0.6932 806.6314 0.0000 0.3887 
-19   0.5629 0.0679 8.2849 0.0000 0.4297 0.6961 808.9403 0.0000 0.3897 
-20   0.5698 0.0679 8.3970 0.0000 0.4368 0.7028 805.9990 0.0000 0.3871 
-21   0.5540 0.0673 8.2275 0.0000 0.4220 0.6860 798.0394 0.0000 0.3812 
-22   0.5615 0.0681 8.2434 0.0000 0.4280 0.6950 805.0261 0.0000 0.3906 
-23   0.5653 0.0682 8.2945 0.0000 0.4317 0.6989 809.2135 0.0000 0.3911 
-24   0.5655 0.0678 8.3385 0.0000 0.4326 0.6984 809.4399 0.0000 0.3887 
-25   0.5713 0.0676 8.4565 0.0000 0.4389 0.7037 804.9270 0.0000 0.3836 
-26   0.5740 0.0671 8.5553 0.0000 0.4425 0.7055 788.9670 0.0000 0.3770 
-27   0.5506 0.0669 8.2285 0.0000 0.4194 0.6817 781.8902 0.0000 0.3751 
-28   0.5611 0.0680 8.2461 0.0000 0.4277 0.6945 806.2913 0.0000 0.3900 
-29   0.5620 0.0680 8.2644 0.0000 0.4287 0.6953 808.1072 0.0000 0.3899 
-30   0.5626 0.0681 8.2642 0.0000 0.4292 0.6960 808.0513 0.0000 0.3905 
-31   0.5635 0.0680 8.2829 0.0000 0.4302 0.6968 808.9452 0.0000 0.3903 
-32   0.5656 0.0681 8.3064 0.0000 0.4321 0.6990 809.4174 0.0000 0.3906 
-33   0.5657 0.0682 8.2967 0.0000 0.4321 0.6994 809.1615 0.0000 0.3913 
-34   0.5684 0.0680 8.3570 0.0000 0.4351 0.7017 808.3873 0.0000 0.3891 
-35   0.5676 0.0681 8.3400 0.0000 0.4342 0.7010 809.0568 0.0000 0.3898 
-36   0.5648 0.0682 8.2817 0.0000 0.4311 0.6984 808.5073 0.0000 0.3914 
-37   0.5663 0.0682 8.3076 0.0000 0.4327 0.6999 809.4312 0.0000 0.3910 
-38   0.5686 0.0680 8.3627 0.0000 0.4353 0.7018 808.1063 0.0000 0.3888 
-39   0.5688 0.0679 8.3751 0.0000 0.4357 0.7019 808.2603 0.0000 0.3881 
-40   0.5699 0.0679 8.3939 0.0000 0.4368 0.7030 801.6321 0.0000 0.3873 
-41   0.5444 0.0657 8.2888 0.0000 0.4157 0.6731 774.6076 0.0000 0.3598 
-42   0.5444 0.0657 8.2888 0.0000 0.4157 0.6731 774.6076 0.0000 0.3598 
-43   0.5489 0.0665 8.2602 0.0000 0.4187 0.6791 792.5066 0.0000 0.3704 
-44   0.5463 0.0661 8.2629 0.0000 0.4167 0.6759 771.6629 0.0000 0.3649 
-45   0.5470 0.0663 8.2554 0.0000 0.4171 0.6768 771.8370 0.0000 0.3667 
-46   0.5497 0.0668 8.2331 0.0000 0.4189 0.6806 779.1188 0.0000 0.3733 
-47   0.5532 0.0673 8.2183 0.0000 0.4212 0.6851 788.8860 0.0000 0.3803 
-48   0.5530 0.0673 8.2133 0.0000 0.4210 0.6850 777.6907 0.0000 0.3803 
-49   0.5555 0.0676 8.2160 0.0000 0.4230 0.6880 794.4192 0.0000 0.3842 
-50   0.5563 0.0677 8.2217 0.0000 0.4237 0.6889 799.3538 0.0000 0.3851 
-51   0.5556 0.0677 8.2108 0.0000 0.4230 0.6882 786.3291 0.0000 0.3846 
-52   0.5564 0.0678 8.2119 0.0000 0.4236 0.6892 789.1451 0.0000 0.3858 
-53   0.5576 0.0679 8.2156 0.0000 0.4246 0.6907 793.6813 0.0000 0.3874 
-54   0.5578 0.0679 8.2158 0.0000 0.4247 0.6908 793.6625 0.0000 0.3875 
-55   0.5593 0.0678 8.2444 0.0000 0.4263 0.6922 806.0932 0.0000 0.3880 
-56   0.5586 0.0679 8.2241 0.0000 0.4255 0.6918 800.6458 0.0000 0.3883 
-57   0.5584 0.0679 8.2190 0.0000 0.4253 0.6916 796.1046 0.0000 0.3883 
-58   0.5603 0.0680 8.2410 0.0000 0.4271 0.6936 805.6352 0.0000 0.3895 
-59   0.5608 0.0679 8.2556 0.0000 0.4277 0.6940 807.4248 0.0000 0.3892 
-60   0.5603 0.0681 8.2298 0.0000 0.4268 0.6937 800.4322 0.0000 0.3900 
-61   0.5620 0.0682 8.2464 0.0000 0.4284 0.6956 804.7348 0.0000 0.3910 
-62   0.5621 0.0682 8.2471 0.0000 0.4285 0.6957 804.8548 0.0000 0.3910 
-63   0.5666 0.0682 8.3100 0.0000 0.4330 0.7003 809.4496 0.0000 0.3910 
-64   0.5666 0.0682 8.3100 0.0000 0.4330 0.7003 809.4505 0.0000 0.3910 
-65   0.5666 0.0682 8.3101 0.0000 0.4330 0.7003 809.4512 0.0000 0.3910 
-66   0.5667 0.0682 8.3119 0.0000 0.4331 0.7003 809.4604 0.0000 0.3910 
-67   0.5675 0.0681 8.3296 0.0000 0.4340 0.7011 807.9848 0.0000 0.3904 
-68   0.5656 0.0682 8.2922 0.0000 0.4319 0.6992 808.8009 0.0000 0.3914 
-69   0.5674 0.0681 8.3296 0.0000 0.4339 0.7009 809.0450 0.0000 0.3903 
-70   0.5648 0.0682 8.2781 0.0000 0.4311 0.6985 806.6983 0.0000 0.3917 
-71   0.5677 0.0681 8.3352 0.0000 0.4342 0.7012 807.7707 0.0000 0.3901 
-72   0.5696 0.0679 8.3827 0.0000 0.4364 0.7028 777.7970 0.0000 0.3879 
-73   0.5704 0.0678 8.4079 0.0000 0.4375 0.7034 768.3326 0.0000 0.3865 
-74   0.5698 0.0678 8.4078 0.0000 0.4370 0.7027 807.3069 0.0000 0.3864 
-75   0.5724 0.0675 8.4834 0.0000 0.4402 0.7047 789.9605 0.0000 0.3819 
-76   0.5621 0.0680 8.2681 0.0000 0.4289 0.6954 808.3102 0.0000 0.3899 
-77   0.5646 0.0679 8.3117 0.0000 0.4315 0.6977 809.4127 0.0000 0.3896 
-78   0.5732 0.0671 8.5488 0.0000 0.4418 0.7046 802.7757 0.0000 0.3777 
-79   0.5620 0.0681 8.2570 0.0000 0.4286 0.6954 807.4998 0.0000 0.3904 
-80   0.5621 0.0681 8.2572 0.0000 0.4287 0.6955 807.4975 0.0000 0.3904 
-81   0.5626 0.0682 8.2526 0.0000 0.4290 0.6962 805.6212 0.0000 0.3912 
-82   0.5627 0.0681 8.2644 0.0000 0.4293 0.6962 808.0340 0.0000 0.3907 
-83   0.5628 0.0682 8.2570 0.0000 0.4292 0.6964 806.6503 0.0000 0.3912 
-84   0.5629 0.0681 8.2633 0.0000 0.4294 0.6964 807.8438 0.0000 0.3909 
-85   0.5631 0.0680 8.2764 0.0000 0.4297 0.6965 808.7142 0.0000 0.3903 
-86   0.5634 0.0682 8.2628 0.0000 0.4298 0.6970 807.0226 0.0000 0.3914 
-87   0.5640 0.0682 8.2755 0.0000 0.4304 0.6976 808.4831 0.0000 0.3912 
-88   0.5727 0.0674 8.5020 0.0000 0.4407 0.7048 797.8029 0.0000 0.3807 
-89   0.5726 0.0674 8.5012 0.0000 0.4406 0.7046 801.7257 0.0000 0.3808 
-90   0.5723 0.0674 8.4942 0.0000 0.4402 0.7044 803.0857 0.0000 0.3813 
         I2      H2 
-1  94.6056 18.5377 
-2  94.6172 18.5776 
-3  94.6118 18.5591 
-4  94.5831 18.4606 
-5  94.5745 18.4316 
-6  94.5832 18.4612 
-7  94.5505 18.3503 
-8  94.4979 18.1750 
-9  94.4663 18.0712 
-10 94.4223 17.9286 
-11 94.4339 17.9658 
-12 94.5014 18.1863 
-13 94.5613 18.3868 
-14 94.5112 18.2188 
-15 94.5299 18.2812 
-16 94.5636 18.3947 
-17 94.5990 18.5152 
-18 94.6065 18.5407 
-19 94.6212 18.5914 
-20 94.5565 18.3706 
-21 94.5048 18.1976 
-22 94.6139 18.5661 
-23 94.6186 18.5826 
-24 94.6102 18.5537 
-25 94.5307 18.2838 
-26 94.4173 17.9124 
-27 94.4127 17.8978 
-28 94.6166 18.5757 
-29 94.6216 18.5928 
-30 94.6254 18.6059 
-31 94.6265 18.6100 
-32 94.6232 18.5983 
-33 94.5878 18.4768 
-34 94.5828 18.4597 
-35 94.5938 18.4972 
-36 94.6070 18.5425 
-37 94.5798 18.4496 
-38 94.5791 18.4470 
-39 94.5871 18.4745 
-40 94.5012 18.1857 
-41 94.1952 17.2272 
-42 94.1952 17.2272 
-43 94.3571 17.7213 
-44 94.2681 17.4463 
-45 94.2931 17.5227 
-46 94.3874 17.8171 
-47 94.4839 18.1286 
-48 94.4724 18.0910 
-49 94.5364 18.3028 
-50 94.5528 18.3582 
-51 94.5290 18.2783 
-52 94.5444 18.3297 
-53 94.5660 18.4026 
-54 94.5671 18.4063 
-55 94.5972 18.5088 
-56 94.5881 18.4778 
-57 94.5777 18.4423 
-58 94.6105 18.5546 
-59 94.6130 18.5631 
-60 94.5967 18.5071 
-61 94.6103 18.5541 
-62 94.6107 18.5551 
-63 94.3561 17.7181 
-64 94.3628 17.7394 
-65 94.3560 17.7180 
-66 94.3620 17.7369 
-67 94.3467 17.6887 
-68 94.5635 18.3941 
-69 94.5481 18.3422 
-70 94.5344 18.2963 
-71 94.4313 17.9575 
-72 94.1310 17.0387 
-73 94.2130 17.2801 
-74 94.5689 18.4126 
-75 94.4554 18.0357 
-76 94.6216 18.5930 
-77 94.6203 18.5884 
-78 94.4585 18.0458 
-79 94.6227 18.5967 
-80 94.6230 18.5978 
-81 94.6111 18.5566 
-82 94.6257 18.6071 
-83 94.6170 18.5771 
-84 94.6251 18.6050 
-85 94.6262 18.6087 
-86 94.6134 18.5647 
-87 94.6236 18.5999 
-88 94.4756 18.1017 
-89 94.4897 18.1478 
-90 94.4994 18.1800 
 [ reached 'max' / getOption("max.print") -- omitted 10 rows ] 


=== Baujat ===
character(0)
